{
 "cells": [
  {
   "cell_type": "code",
   "execution_count": 1,
   "id": "8d3df740-c06b-42b6-ab25-8dbab8c18eee",
   "metadata": {},
   "outputs": [],
   "source": [
    "from sklearn.datasets import make_classification\n",
    "from sklearn.linear_model import LogisticRegression\n",
    "##define dataset\n",
    "X, y = make_classification(n_samples = 1000, n_features = 10, n_informative = 5, n_redundant = 5, n_classes = 4, random_state = 1)"
   ]
  },
  {
   "cell_type": "code",
   "execution_count": 2,
   "id": "a1abea85-8f10-4089-9f2b-69648a5c929d",
   "metadata": {},
   "outputs": [],
   "source": [
    "model = LogisticRegression(multi_class = 'ovr', solver = 'lbfgs')"
   ]
  },
  {
   "cell_type": "code",
   "execution_count": 3,
   "id": "c46ac2bf-ad76-4374-b00d-f091753f38c0",
   "metadata": {},
   "outputs": [],
   "source": [
    "from sklearn.model_selection import train_test_split\n",
    "X_train, X_test, y_train, y_test = train_test_split(X, y, test_size=0.20, random_state=42)"
   ]
  },
  {
   "cell_type": "code",
   "execution_count": 4,
   "id": "7f5e0e41-5511-4413-9b61-26cb74ce6249",
   "metadata": {},
   "outputs": [
    {
     "data": {
      "text/html": [
       "<style>#sk-container-id-1 {color: black;background-color: white;}#sk-container-id-1 pre{padding: 0;}#sk-container-id-1 div.sk-toggleable {background-color: white;}#sk-container-id-1 label.sk-toggleable__label {cursor: pointer;display: block;width: 100%;margin-bottom: 0;padding: 0.3em;box-sizing: border-box;text-align: center;}#sk-container-id-1 label.sk-toggleable__label-arrow:before {content: \"▸\";float: left;margin-right: 0.25em;color: #696969;}#sk-container-id-1 label.sk-toggleable__label-arrow:hover:before {color: black;}#sk-container-id-1 div.sk-estimator:hover label.sk-toggleable__label-arrow:before {color: black;}#sk-container-id-1 div.sk-toggleable__content {max-height: 0;max-width: 0;overflow: hidden;text-align: left;background-color: #f0f8ff;}#sk-container-id-1 div.sk-toggleable__content pre {margin: 0.2em;color: black;border-radius: 0.25em;background-color: #f0f8ff;}#sk-container-id-1 input.sk-toggleable__control:checked~div.sk-toggleable__content {max-height: 200px;max-width: 100%;overflow: auto;}#sk-container-id-1 input.sk-toggleable__control:checked~label.sk-toggleable__label-arrow:before {content: \"▾\";}#sk-container-id-1 div.sk-estimator input.sk-toggleable__control:checked~label.sk-toggleable__label {background-color: #d4ebff;}#sk-container-id-1 div.sk-label input.sk-toggleable__control:checked~label.sk-toggleable__label {background-color: #d4ebff;}#sk-container-id-1 input.sk-hidden--visually {border: 0;clip: rect(1px 1px 1px 1px);clip: rect(1px, 1px, 1px, 1px);height: 1px;margin: -1px;overflow: hidden;padding: 0;position: absolute;width: 1px;}#sk-container-id-1 div.sk-estimator {font-family: monospace;background-color: #f0f8ff;border: 1px dotted black;border-radius: 0.25em;box-sizing: border-box;margin-bottom: 0.5em;}#sk-container-id-1 div.sk-estimator:hover {background-color: #d4ebff;}#sk-container-id-1 div.sk-parallel-item::after {content: \"\";width: 100%;border-bottom: 1px solid gray;flex-grow: 1;}#sk-container-id-1 div.sk-label:hover label.sk-toggleable__label {background-color: #d4ebff;}#sk-container-id-1 div.sk-serial::before {content: \"\";position: absolute;border-left: 1px solid gray;box-sizing: border-box;top: 0;bottom: 0;left: 50%;z-index: 0;}#sk-container-id-1 div.sk-serial {display: flex;flex-direction: column;align-items: center;background-color: white;padding-right: 0.2em;padding-left: 0.2em;position: relative;}#sk-container-id-1 div.sk-item {position: relative;z-index: 1;}#sk-container-id-1 div.sk-parallel {display: flex;align-items: stretch;justify-content: center;background-color: white;position: relative;}#sk-container-id-1 div.sk-item::before, #sk-container-id-1 div.sk-parallel-item::before {content: \"\";position: absolute;border-left: 1px solid gray;box-sizing: border-box;top: 0;bottom: 0;left: 50%;z-index: -1;}#sk-container-id-1 div.sk-parallel-item {display: flex;flex-direction: column;z-index: 1;position: relative;background-color: white;}#sk-container-id-1 div.sk-parallel-item:first-child::after {align-self: flex-end;width: 50%;}#sk-container-id-1 div.sk-parallel-item:last-child::after {align-self: flex-start;width: 50%;}#sk-container-id-1 div.sk-parallel-item:only-child::after {width: 0;}#sk-container-id-1 div.sk-dashed-wrapped {border: 1px dashed gray;margin: 0 0.4em 0.5em 0.4em;box-sizing: border-box;padding-bottom: 0.4em;background-color: white;}#sk-container-id-1 div.sk-label label {font-family: monospace;font-weight: bold;display: inline-block;line-height: 1.2em;}#sk-container-id-1 div.sk-label-container {text-align: center;}#sk-container-id-1 div.sk-container {/* jupyter's `normalize.less` sets `[hidden] { display: none; }` but bootstrap.min.css set `[hidden] { display: none !important; }` so we also need the `!important` here to be able to override the default hidden behavior on the sphinx rendered scikit-learn.org. See: https://github.com/scikit-learn/scikit-learn/issues/21755 */display: inline-block !important;position: relative;}#sk-container-id-1 div.sk-text-repr-fallback {display: none;}</style><div id=\"sk-container-id-1\" class=\"sk-top-container\"><div class=\"sk-text-repr-fallback\"><pre>LogisticRegression(multi_class=&#x27;ovr&#x27;)</pre><b>In a Jupyter environment, please rerun this cell to show the HTML representation or trust the notebook. <br />On GitHub, the HTML representation is unable to render, please try loading this page with nbviewer.org.</b></div><div class=\"sk-container\" hidden><div class=\"sk-item\"><div class=\"sk-estimator sk-toggleable\"><input class=\"sk-toggleable__control sk-hidden--visually\" id=\"sk-estimator-id-1\" type=\"checkbox\" checked><label for=\"sk-estimator-id-1\" class=\"sk-toggleable__label sk-toggleable__label-arrow\">LogisticRegression</label><div class=\"sk-toggleable__content\"><pre>LogisticRegression(multi_class=&#x27;ovr&#x27;)</pre></div></div></div></div></div>"
      ],
      "text/plain": [
       "LogisticRegression(multi_class='ovr')"
      ]
     },
     "execution_count": 4,
     "metadata": {},
     "output_type": "execute_result"
    }
   ],
   "source": [
    "model.fit(X_train,y_train)"
   ]
  },
  {
   "cell_type": "code",
   "execution_count": 5,
   "id": "f32bb507-8f31-4490-a02b-512e125dc291",
   "metadata": {},
   "outputs": [],
   "source": [
    "y_pred = model.predict(X_test)"
   ]
  },
  {
   "cell_type": "code",
   "execution_count": 7,
   "id": "0354f40d-c213-4763-8692-de85cfc657d4",
   "metadata": {},
   "outputs": [
    {
     "data": {
      "text/plain": [
       "array([0, 2, 0, 0, 3, 1, 0, 0, 1, 1, 1, 3, 0, 2, 2, 3, 1, 3, 2, 0, 3, 0,\n",
       "       0, 3, 3, 0, 3, 3, 2, 2, 2, 2, 1, 3, 3, 3, 3, 1, 3, 1, 3, 0, 3, 1,\n",
       "       1, 0, 0, 2, 3, 3, 1, 3, 3, 1, 3, 2, 3, 3, 3, 1, 2, 3, 0, 2, 1, 3,\n",
       "       3, 2, 3, 3, 2, 3, 2, 3, 1, 1, 0, 3, 1, 1, 3, 1, 2, 2, 3, 2, 3, 3,\n",
       "       1, 0, 3, 2, 3, 2, 0, 2, 3, 0, 1, 0, 3, 2, 3, 2, 3, 0, 2, 0, 3, 2,\n",
       "       1, 3, 2, 2, 1, 0, 0, 3, 2, 3, 0, 2, 0, 1, 1, 3, 1, 1, 0, 3, 1, 3,\n",
       "       0, 1, 3, 2, 3, 0, 0, 0, 1, 3, 3, 0, 3, 3, 3, 1, 2, 0, 3, 1, 1, 1,\n",
       "       1, 1, 1, 0, 1, 3, 1, 2, 3, 0, 0, 1, 3, 1, 1, 1, 1, 3, 3, 2, 2, 2,\n",
       "       3, 2, 2, 2, 3, 1, 1, 3, 1, 1, 1, 1, 1, 0, 2, 0, 0, 2, 3, 1, 1, 3,\n",
       "       0, 1])"
      ]
     },
     "execution_count": 7,
     "metadata": {},
     "output_type": "execute_result"
    }
   ],
   "source": [
    "y_pred"
   ]
  },
  {
   "cell_type": "code",
   "execution_count": 6,
   "id": "1baf3f7a-43e5-4c2c-8888-5989c501b411",
   "metadata": {},
   "outputs": [
    {
     "data": {
      "text/plain": [
       "array([[5.29135981e-01, 3.50185210e-01, 8.97173618e-02, 3.09614477e-02],\n",
       "       [4.30671114e-01, 3.25041380e-02, 5.20693563e-01, 1.61311854e-02],\n",
       "       [4.35132769e-01, 3.71415428e-01, 1.93094865e-01, 3.56938362e-04],\n",
       "       [5.87774011e-01, 2.55778549e-01, 1.12595426e-01, 4.38520137e-02],\n",
       "       [8.66992507e-02, 1.86074957e-01, 2.93086514e-01, 4.34139279e-01],\n",
       "       [7.19641345e-02, 6.66726244e-01, 6.52231225e-02, 1.96086499e-01],\n",
       "       [6.34833768e-01, 2.01790730e-01, 1.19589297e-01, 4.37862056e-02],\n",
       "       [5.26269805e-01, 3.37672241e-01, 8.64281669e-02, 4.96297872e-02],\n",
       "       [3.75265991e-01, 4.19049633e-01, 1.65195097e-01, 4.04892797e-02],\n",
       "       [1.66130602e-01, 3.90204158e-01, 9.89978093e-02, 3.44667430e-01],\n",
       "       [2.19279603e-01, 5.91885051e-01, 1.61956084e-01, 2.68792614e-02],\n",
       "       [3.95524040e-02, 2.46209721e-01, 1.45220682e-01, 5.69017194e-01],\n",
       "       [6.56230331e-01, 1.70469623e-01, 1.59863776e-01, 1.34362701e-02],\n",
       "       [1.48190862e-01, 4.75265910e-02, 7.50284621e-01, 5.39979259e-02],\n",
       "       [2.84249549e-01, 1.17031663e-01, 4.28989130e-01, 1.69729658e-01],\n",
       "       [1.70552332e-01, 1.08070030e-01, 2.64853323e-01, 4.56524315e-01],\n",
       "       [3.40262487e-01, 6.26650668e-01, 3.01712592e-02, 2.91558662e-03],\n",
       "       [2.20863460e-01, 2.61583208e-03, 8.07694955e-02, 6.95751213e-01],\n",
       "       [3.26597647e-01, 1.39804728e-02, 4.69044093e-01, 1.90377787e-01],\n",
       "       [4.85713497e-01, 4.39856744e-01, 4.06453580e-02, 3.37844016e-02],\n",
       "       [2.29752427e-02, 9.70785811e-02, 2.98548715e-01, 5.81397461e-01],\n",
       "       [4.42044728e-01, 4.37046089e-01, 1.06216182e-01, 1.46930014e-02],\n",
       "       [5.82453220e-01, 2.23124674e-01, 1.84832951e-01, 9.58915477e-03],\n",
       "       [1.19007555e-01, 2.65526813e-01, 4.77887205e-02, 5.67676911e-01],\n",
       "       [3.28826878e-02, 2.32251945e-02, 2.20337185e-01, 7.23554933e-01],\n",
       "       [5.55551927e-01, 2.69185045e-01, 6.97932757e-02, 1.05469751e-01],\n",
       "       [8.86060487e-03, 5.16653440e-03, 4.24450879e-01, 5.61521982e-01],\n",
       "       [2.99827521e-01, 1.84421126e-02, 3.59208945e-02, 6.45809472e-01],\n",
       "       [6.35685570e-02, 1.16094413e-01, 4.27102238e-01, 3.93234792e-01],\n",
       "       [2.22128481e-01, 9.93774397e-02, 6.67245304e-01, 1.12487753e-02],\n",
       "       [4.56777508e-02, 6.97365147e-02, 4.55146706e-01, 4.29439028e-01],\n",
       "       [4.17771209e-02, 8.10405073e-02, 5.73974127e-01, 3.03208245e-01],\n",
       "       [1.48586343e-01, 7.85284418e-01, 6.20224409e-02, 4.10679787e-03],\n",
       "       [6.74729280e-02, 1.11343120e-01, 3.58895192e-01, 4.62288760e-01],\n",
       "       [1.35055698e-01, 1.53349051e-02, 2.29848583e-01, 6.19760814e-01],\n",
       "       [1.29532311e-01, 1.46631902e-01, 2.14488576e-01, 5.09347210e-01],\n",
       "       [2.28197739e-02, 8.91199900e-02, 2.35411559e-01, 6.52648677e-01],\n",
       "       [2.97411078e-01, 5.49952185e-01, 1.44893734e-01, 7.74300302e-03],\n",
       "       [5.98194945e-03, 3.84068443e-03, 4.02100819e-01, 5.88076547e-01],\n",
       "       [3.41331638e-01, 5.57844187e-01, 5.97834909e-02, 4.10406834e-02],\n",
       "       [3.23605730e-01, 3.39512621e-02, 2.43340618e-01, 3.99102390e-01],\n",
       "       [7.29227500e-01, 2.40188178e-01, 1.88695766e-02, 1.17147447e-02],\n",
       "       [3.34417646e-02, 8.14890023e-02, 2.58534663e-01, 6.26534570e-01],\n",
       "       [1.40935760e-01, 7.47904929e-01, 1.06945343e-01, 4.21396834e-03],\n",
       "       [6.21680333e-02, 5.86150276e-01, 3.20854274e-01, 3.08274157e-02],\n",
       "       [6.31980962e-01, 1.55930939e-01, 1.33487571e-01, 7.86005284e-02],\n",
       "       [6.57376040e-01, 8.13791521e-02, 2.33705799e-01, 2.75390084e-02],\n",
       "       [8.68409074e-02, 1.15573873e-02, 4.90733409e-01, 4.10868296e-01],\n",
       "       [1.72798026e-01, 7.44176066e-02, 2.90933073e-01, 4.61851294e-01],\n",
       "       [9.55456131e-02, 3.19498566e-01, 1.97331540e-01, 3.87624282e-01],\n",
       "       [1.84353744e-01, 6.82997192e-01, 9.54497820e-02, 3.71992820e-02],\n",
       "       [1.40067859e-01, 1.36632754e-01, 1.73794476e-01, 5.49504912e-01],\n",
       "       [2.71812796e-02, 1.40154608e-02, 4.03518425e-01, 5.55284835e-01],\n",
       "       [2.58678631e-01, 4.28315784e-01, 2.47789318e-01, 6.52162670e-02],\n",
       "       [3.36148172e-01, 3.04365833e-02, 2.28953313e-01, 4.04461932e-01],\n",
       "       [2.87622404e-01, 1.53406605e-02, 6.65987989e-01, 3.10489468e-02],\n",
       "       [3.34765802e-01, 5.22820394e-03, 1.22086086e-01, 5.37919908e-01],\n",
       "       [1.86051527e-01, 2.33657214e-02, 2.98590801e-01, 4.91991950e-01],\n",
       "       [4.73663966e-02, 1.57027203e-01, 1.95436341e-01, 6.00170059e-01],\n",
       "       [9.00985411e-02, 6.06308786e-01, 2.32945387e-01, 7.06472856e-02],\n",
       "       [2.77678470e-02, 2.23583521e-01, 5.57080271e-01, 1.91568361e-01],\n",
       "       [1.89243713e-01, 3.06958301e-03, 2.67479125e-01, 5.40207580e-01],\n",
       "       [7.63247660e-01, 1.61174506e-01, 6.43451334e-02, 1.12327004e-02],\n",
       "       [1.59405715e-01, 1.51021608e-01, 6.32169083e-01, 5.74035937e-02],\n",
       "       [2.16569854e-01, 5.22531454e-01, 1.62283008e-01, 9.86156831e-02],\n",
       "       [2.76496532e-01, 9.80824239e-03, 2.82949535e-01, 4.30745690e-01],\n",
       "       [1.57805370e-01, 6.22536546e-02, 3.59081522e-01, 4.20859453e-01],\n",
       "       [2.18851708e-01, 5.24957467e-02, 7.19173820e-01, 9.47872562e-03],\n",
       "       [4.74398583e-02, 8.76040701e-05, 4.57788243e-01, 4.94684294e-01],\n",
       "       [1.08948223e-01, 3.29412418e-01, 8.16516576e-02, 4.79987701e-01],\n",
       "       [3.04830744e-02, 4.28649899e-02, 5.31566965e-01, 3.95084971e-01],\n",
       "       [7.91273398e-02, 2.06083212e-01, 3.48051899e-01, 3.66737549e-01],\n",
       "       [2.32774003e-01, 1.53855627e-02, 6.14097224e-01, 1.37743211e-01],\n",
       "       [8.08543472e-02, 1.50156895e-01, 1.35370278e-02, 7.55451730e-01],\n",
       "       [1.69713803e-01, 7.52383399e-01, 6.74771057e-02, 1.04256921e-02],\n",
       "       [8.11149284e-02, 8.38089422e-01, 6.42781139e-02, 1.65175357e-02],\n",
       "       [4.72261011e-01, 2.96658355e-01, 1.42905647e-01, 8.81749865e-02],\n",
       "       [5.40938795e-02, 2.44850959e-02, 1.85351619e-01, 7.36069405e-01],\n",
       "       [1.87362277e-01, 4.74648978e-01, 1.88340697e-02, 3.19154676e-01],\n",
       "       [1.35090240e-01, 6.32501014e-01, 7.73770767e-02, 1.55031669e-01],\n",
       "       [8.06149247e-02, 6.15778630e-03, 3.49750319e-01, 5.63476970e-01],\n",
       "       [5.80354796e-02, 7.79212582e-01, 1.05650956e-01, 5.71009827e-02],\n",
       "       [3.92385203e-01, 7.05900265e-02, 5.34000704e-01, 3.02406621e-03],\n",
       "       [3.35409609e-01, 3.54205497e-02, 6.04838364e-01, 2.43314781e-02],\n",
       "       [2.88662060e-03, 1.43801386e-03, 4.88230135e-01, 5.07445231e-01],\n",
       "       [9.36399393e-02, 2.65360680e-01, 6.39841807e-01, 1.15757371e-03],\n",
       "       [1.16767846e-01, 1.05176869e-01, 2.73589732e-01, 5.04465553e-01],\n",
       "       [1.10811588e-02, 3.14056688e-01, 6.82465988e-02, 6.06615554e-01],\n",
       "       [4.94432285e-02, 5.39032322e-01, 2.47888139e-01, 1.63636311e-01],\n",
       "       [4.58882910e-01, 2.46492807e-02, 3.12541382e-01, 2.03926428e-01],\n",
       "       [1.99933297e-01, 5.90562666e-03, 2.40232188e-01, 5.53928889e-01],\n",
       "       [9.73256659e-02, 1.11578637e-01, 4.69274478e-01, 3.21821219e-01],\n",
       "       [2.27354344e-01, 9.53469518e-03, 1.43940054e-01, 6.19170907e-01],\n",
       "       [3.73006444e-01, 1.12937500e-01, 5.11504771e-01, 2.55128433e-03],\n",
       "       [6.08227397e-01, 3.07302974e-02, 1.58786487e-01, 2.02255819e-01],\n",
       "       [4.00611424e-02, 6.10610879e-02, 5.32918198e-01, 3.65959571e-01],\n",
       "       [2.09533955e-02, 3.61706673e-03, 3.19551100e-01, 6.55878438e-01],\n",
       "       [6.67815115e-01, 6.41301229e-02, 1.06539441e-01, 1.61515321e-01],\n",
       "       [9.93658272e-02, 5.86862601e-01, 3.01055190e-01, 1.27163825e-02],\n",
       "       [3.99150172e-01, 1.63786778e-01, 3.98213977e-01, 3.88490728e-02],\n",
       "       [4.02506821e-02, 7.36550928e-03, 2.25253538e-01, 7.27130270e-01],\n",
       "       [3.28462005e-01, 7.54303849e-02, 5.32357652e-01, 6.37499583e-02],\n",
       "       [2.39008226e-01, 1.39512659e-02, 2.14328476e-01, 5.32712032e-01],\n",
       "       [2.51435414e-02, 3.83388025e-02, 6.61725009e-01, 2.74792647e-01],\n",
       "       [2.79155988e-02, 8.22241219e-03, 4.25622499e-01, 5.38239490e-01],\n",
       "       [5.33988179e-01, 2.48020496e-01, 1.38862125e-01, 7.91291999e-02],\n",
       "       [1.16178436e-01, 5.98685008e-02, 5.07767500e-01, 3.16185564e-01],\n",
       "       [4.62742183e-01, 3.05694649e-01, 1.56703542e-01, 7.48596259e-02],\n",
       "       [4.92481312e-02, 2.15010794e-01, 1.50291145e-01, 5.85449930e-01],\n",
       "       [1.73676536e-01, 4.77962857e-02, 4.56508362e-01, 3.22018817e-01],\n",
       "       [3.28929304e-01, 6.21183831e-01, 2.77203933e-02, 2.21664721e-02],\n",
       "       [1.38072173e-01, 1.27443799e-01, 3.16905253e-01, 4.17578775e-01],\n",
       "       [1.81356683e-01, 8.06845472e-02, 7.16250590e-01, 2.17081802e-02],\n",
       "       [3.35979045e-01, 9.71457941e-02, 5.49916446e-01, 1.69587151e-02],\n",
       "       [2.29613022e-02, 4.64427958e-01, 3.93081431e-01, 1.19529309e-01],\n",
       "       [6.49031804e-01, 1.70948721e-01, 6.35217714e-02, 1.16497703e-01],\n",
       "       [3.09131906e-01, 1.18941035e-01, 3.05951066e-01, 2.65975993e-01],\n",
       "       [1.02112144e-01, 1.83649250e-02, 1.51440959e-01, 7.28081972e-01],\n",
       "       [3.96926141e-01, 1.62722809e-02, 5.79868794e-01, 6.93278370e-03],\n",
       "       [9.68270047e-02, 3.08860173e-02, 2.58878436e-01, 6.13408542e-01],\n",
       "       [5.36022895e-01, 1.63035161e-01, 1.72868102e-01, 1.28073841e-01],\n",
       "       [6.98830937e-03, 1.70737632e-01, 6.90554641e-01, 1.31719417e-01],\n",
       "       [5.75690333e-01, 7.27278696e-02, 3.33869945e-01, 1.77118525e-02],\n",
       "       [1.02455117e-01, 3.81105557e-01, 2.47578909e-01, 2.68860417e-01],\n",
       "       [1.64249725e-01, 7.92998966e-01, 3.02488030e-02, 1.25025066e-02],\n",
       "       [4.21889918e-02, 2.54171143e-01, 1.31103438e-01, 5.72536427e-01],\n",
       "       [6.16112261e-02, 5.50902812e-01, 1.84641831e-01, 2.02844131e-01],\n",
       "       [8.63592109e-02, 6.85111852e-01, 1.37025498e-01, 9.15034384e-02],\n",
       "       [4.43598252e-01, 2.84759392e-01, 1.53844499e-01, 1.17797857e-01],\n",
       "       [9.70777290e-03, 9.59035689e-03, 3.39932793e-01, 6.40769078e-01],\n",
       "       [2.01514581e-02, 7.68307650e-01, 1.81518981e-01, 3.00219115e-02],\n",
       "       [2.36159454e-01, 9.05803555e-03, 1.87095950e-01, 5.67686561e-01],\n",
       "       [4.19970170e-01, 1.49549452e-01, 3.06857309e-01, 1.23623069e-01],\n",
       "       [3.97853052e-01, 4.12713139e-01, 1.63042270e-01, 2.63915393e-02],\n",
       "       [1.56919195e-01, 3.82767794e-01, 3.55007136e-02, 4.24812298e-01],\n",
       "       [1.86815189e-01, 7.64178396e-02, 4.84950639e-01, 2.51816332e-01],\n",
       "       [1.57142740e-01, 9.02559651e-03, 1.37062879e-01, 6.96768785e-01],\n",
       "       [4.44299439e-01, 3.69859996e-01, 2.28379063e-02, 1.63002659e-01],\n",
       "       [4.96894711e-01, 2.76257983e-01, 3.40085929e-02, 1.92838713e-01],\n",
       "       [4.01412611e-01, 1.31932911e-01, 1.52596186e-01, 3.14058292e-01],\n",
       "       [2.05980082e-01, 4.84885038e-01, 2.01937662e-02, 2.88941114e-01],\n",
       "       [5.58031372e-02, 6.41612843e-02, 1.21705274e-01, 7.58330305e-01],\n",
       "       [6.95500372e-02, 3.30545110e-03, 3.78008105e-01, 5.49136407e-01],\n",
       "       [4.72747462e-01, 1.46955133e-02, 4.14743046e-01, 9.78139791e-02],\n",
       "       [5.30315006e-02, 5.74436709e-03, 3.82066731e-01, 5.59157402e-01],\n",
       "       [7.80210299e-02, 1.01278025e-01, 1.44797981e-01, 6.75902965e-01],\n",
       "       [1.04536825e-01, 3.05918863e-01, 1.26568862e-01, 4.62975449e-01],\n",
       "       [2.09226331e-01, 4.15829019e-01, 1.89467570e-01, 1.85477080e-01],\n",
       "       [1.64354998e-01, 8.66457928e-02, 6.41381472e-01, 1.07617737e-01],\n",
       "       [4.49384706e-01, 4.35838344e-01, 1.04860505e-01, 9.91644422e-03],\n",
       "       [3.90873895e-02, 4.13807070e-03, 2.19627537e-01, 7.37147003e-01],\n",
       "       [1.69706336e-02, 4.05107132e-01, 1.75190088e-01, 4.02732147e-01],\n",
       "       [1.58650571e-01, 6.70821927e-01, 1.53867445e-01, 1.66600565e-02],\n",
       "       [2.27941294e-01, 6.04786009e-01, 1.64742585e-01, 2.53011199e-03],\n",
       "       [3.95732631e-01, 5.56737914e-01, 3.92828484e-02, 8.24660700e-03],\n",
       "       [2.99068357e-01, 4.95326388e-01, 1.27592470e-01, 7.80127848e-02],\n",
       "       [2.34769809e-01, 4.59068815e-01, 2.76517245e-01, 2.96441320e-02],\n",
       "       [4.27506811e-01, 1.98579714e-01, 1.55066014e-01, 2.18847461e-01],\n",
       "       [3.54573054e-01, 5.83398636e-01, 3.79489227e-02, 2.40793873e-02],\n",
       "       [3.24221041e-02, 3.41511336e-01, 8.83514419e-02, 5.37715118e-01],\n",
       "       [1.89042472e-01, 6.30763625e-01, 1.24641084e-01, 5.55528183e-02],\n",
       "       [1.83431842e-01, 1.47667400e-01, 6.10890932e-01, 5.80098260e-02],\n",
       "       [3.33421382e-02, 2.56627431e-03, 3.43273458e-01, 6.20818130e-01],\n",
       "       [7.15401818e-01, 2.25525499e-01, 3.62956986e-02, 2.27769839e-02],\n",
       "       [5.23282028e-01, 1.49211741e-01, 2.66391467e-01, 6.11147627e-02],\n",
       "       [3.86531829e-01, 5.19443449e-01, 2.65933801e-02, 6.74313422e-02],\n",
       "       [1.97993882e-02, 2.10611018e-01, 5.78586096e-02, 7.11730984e-01],\n",
       "       [1.66876630e-01, 7.55489403e-01, 6.99935415e-02, 7.64042541e-03],\n",
       "       [1.96494308e-01, 7.34647559e-01, 6.62859368e-02, 2.57219614e-03],\n",
       "       [1.28283565e-01, 5.20917553e-01, 3.01366482e-01, 4.94324005e-02],\n",
       "       [1.13253993e-01, 5.90395150e-01, 1.78475833e-01, 1.17875025e-01],\n",
       "       [2.26115361e-01, 9.75451997e-02, 2.58341683e-01, 4.17997756e-01],\n",
       "       [1.73036228e-01, 2.18984941e-01, 6.63537186e-02, 5.41625113e-01],\n",
       "       [1.12679789e-01, 5.23841933e-02, 5.32498152e-01, 3.02437865e-01],\n",
       "       [3.37103635e-01, 3.74338528e-03, 6.39172672e-01, 1.99803083e-02],\n",
       "       [2.51019880e-01, 6.24193091e-03, 5.70423402e-01, 1.72314786e-01],\n",
       "       [1.13730629e-01, 1.73234220e-01, 1.60130682e-01, 5.52904468e-01],\n",
       "       [1.86561472e-01, 3.04173583e-01, 4.93570677e-01, 1.56942674e-02],\n",
       "       [1.71836754e-01, 1.20867528e-02, 7.65438452e-01, 5.06380420e-02],\n",
       "       [2.49677766e-01, 4.71123224e-02, 6.21784954e-01, 8.14249582e-02],\n",
       "       [2.96303255e-01, 2.57280942e-01, 5.85853878e-02, 3.87830415e-01],\n",
       "       [3.68459972e-01, 5.78535624e-01, 5.09413695e-02, 2.06303469e-03],\n",
       "       [3.62836169e-01, 3.99518908e-01, 1.22993905e-01, 1.14651018e-01],\n",
       "       [4.01914460e-02, 1.80688476e-03, 3.76190485e-01, 5.81811185e-01],\n",
       "       [3.29373454e-01, 5.97617839e-01, 2.75095055e-02, 4.54992009e-02],\n",
       "       [5.00318337e-02, 8.42930367e-01, 7.30883120e-02, 3.39494874e-02],\n",
       "       [1.54191000e-01, 7.65075741e-01, 6.24297030e-02, 1.83035559e-02],\n",
       "       [2.99015423e-01, 3.30334013e-01, 2.47194810e-01, 1.23455754e-01],\n",
       "       [1.45577326e-01, 5.42965512e-01, 3.10369941e-01, 1.08722181e-03],\n",
       "       [5.17635428e-01, 2.06728472e-01, 1.81549054e-01, 9.40870461e-02],\n",
       "       [1.07516271e-01, 3.93236458e-02, 4.32512321e-01, 4.20647762e-01],\n",
       "       [6.72149443e-01, 1.02309147e-01, 2.04893796e-01, 2.06476143e-02],\n",
       "       [4.49639582e-01, 1.90464496e-01, 2.06578965e-01, 1.53316957e-01],\n",
       "       [1.56073464e-01, 2.13616324e-01, 5.61254715e-01, 6.90554965e-02],\n",
       "       [2.72730897e-01, 2.43179701e-01, 1.15284255e-01, 3.68805147e-01],\n",
       "       [6.21536301e-03, 6.19392345e-01, 3.35734217e-01, 3.86580748e-02],\n",
       "       [1.22076997e-01, 7.70399602e-01, 8.76895806e-02, 1.98338210e-02],\n",
       "       [5.94340583e-02, 1.10495157e-01, 1.77382753e-01, 6.52688031e-01],\n",
       "       [5.21611432e-01, 2.57123705e-01, 3.19457582e-02, 1.89319105e-01],\n",
       "       [1.27892649e-01, 7.26092565e-01, 1.09839933e-01, 3.61748521e-02]])"
      ]
     },
     "execution_count": 6,
     "metadata": {},
     "output_type": "execute_result"
    }
   ],
   "source": [
    "model.predict_proba(X_test)"
   ]
  },
  {
   "cell_type": "code",
   "execution_count": 8,
   "id": "74b1c1ee-8120-43a0-969f-50389a49a33f",
   "metadata": {},
   "outputs": [
    {
     "name": "stdout",
     "output_type": "stream",
     "text": [
      "[[22  5 14  8]\n",
      " [10 33  2  7]\n",
      " [ 4  9 23 13]\n",
      " [ 3  7  1 39]]\n",
      "0.585\n",
      "              precision    recall  f1-score   support\n",
      "\n",
      "           0       0.56      0.45      0.50        49\n",
      "           1       0.61      0.63      0.62        52\n",
      "           2       0.57      0.47      0.52        49\n",
      "           3       0.58      0.78      0.67        50\n",
      "\n",
      "    accuracy                           0.58       200\n",
      "   macro avg       0.58      0.58      0.58       200\n",
      "weighted avg       0.58      0.58      0.58       200\n",
      "\n"
     ]
    }
   ],
   "source": [
    "from sklearn.metrics import confusion_matrix, accuracy_score, classification_report\n",
    "print(confusion_matrix(y_test,y_pred))\n",
    "print(accuracy_score(y_test,y_pred))\n",
    "print(classification_report(y_test,y_pred))"
   ]
  },
  {
   "cell_type": "code",
   "execution_count": null,
   "id": "3783adea-4d80-4c04-93da-13d24541b1d7",
   "metadata": {},
   "outputs": [],
   "source": []
  }
 ],
 "metadata": {
  "kernelspec": {
   "display_name": "Python 3 (ipykernel)",
   "language": "python",
   "name": "python3"
  },
  "language_info": {
   "codemirror_mode": {
    "name": "ipython",
    "version": 3
   },
   "file_extension": ".py",
   "mimetype": "text/x-python",
   "name": "python",
   "nbconvert_exporter": "python",
   "pygments_lexer": "ipython3",
   "version": "3.10.8"
  }
 },
 "nbformat": 4,
 "nbformat_minor": 5
}
